Webots Project File version R2021b
perspectives: 000000ff00000000fd0000000300000000000001ca0000052ffc0100000002fb00000012005300630065006e0065005400720065006501000000000000039f0000000000000000fb0000001e00480074006d006c0052006f0062006f007400570069006e0064006f00770000000000000001ca0000000000000000000000010000013d0000045cfc0200000001fb0000001400540065007800740045006400690074006f007201000000150000045c0000008700ffffff0000000300000d70000000dafc0100000002fb0000000e0043006f006e0073006f006c006501000000000000073f0000000000000000fb0000001a0043006f006e0073006f006c00650041006c006c0041006c006c010000000000000d700000006900ffffff00000c310000045c00000004000000040000000100000008fc00000000
simulationViewPerspectives: 000000ff00000001000000020000016c000004a00100000002010000000101
sceneTreePerspectives: 000000ff0000000100000002000000c0000001120100000002010000000201
maximizedDockId: -1
centralWidgetVisible: 1
orthographicViewHeight: 1
textFiles: 2 "controllers/ground/ground.c" "controllers/create_avoid_obstacles/create_avoid_obstacles.c" "controllers/create_wall_emit_signal/create_wall_emit_signal.c"
consoles: Console:All:All
renderingDevicePerspectives: robot:ground_display;0;0.40625;0.154265;0.279514
