Webots Project File version R2021b
perspectives: 000000ff00000000fd0000000300000000000002770000052ffc0100000003fb00000012005300630065006e0065005400720065006501000000000000039f0000000000000000fb0000001e00480074006d006c0052006f0062006f007400570069006e0064006f00770000000000000002770000000000000000fb0000001e00480074006d006c0052006f0062006f007400570069006e0064006f0077000000000000000277000000000000000000000001000002eb00000448fc0200000002fb0000001a0043006f006e0073006f006c00650041006c006c0041006c006c01000000150000037e0000005f00fffffffb0000001400540065007800740045006400690074006f00720100000399000000c40000009d00ffffff0000000300000780000001e6fc0100000001fb0000000e0043006f006e0073006f006c006501000000000000073f00000000000000000000048f0000044800000004000000040000000100000008fc00000000
simulationViewPerspectives: 000000ff000000010000000200000000000004890100000006010000000101
sceneTreePerspectives: 000000ff0000000100000002000000c0000000000100000006010000000201
maximizedDockId: -1
centralWidgetVisible: 1
orthographicViewHeight: 1
textFiles: 0 "controllers/Create_avoid_obstacles_ver2/Create_avoid_obstacles_ver2.java"
consoles: Console:All:All
renderingDevicePerspectives: Create:camera;0;2.85938;0.0796004;0.0465871
renderingDevicePerspectives: robot:ground_display;1;0.597656;0;0
