Webots Project File version R2021b
perspectives: 000000ff00000000fd00000003000000000000027700000448fc0100000003fb00000012005300630065006e0065005400720065006501000000000000039f0000000000000000fb0000001e00480074006d006c0052006f0062006f007400570069006e0064006f00770000000000000002770000000000000000fb0000001e00480074006d006c0052006f0062006f007400570069006e0064006f00770000000000000002770000000000000000000000010000024e0000042afc0200000001fb0000001400540065007800740045006400690074006f007201000000150000042a0000008700ffffff00000003000006a400000103fc0100000002fb0000000e0043006f006e0073006f006c006501000000000000073f0000000000000000fb0000001a0043006f006e0073006f006c00650041006c006c0041006c006c0100000000000006a40000006900ffffff000004540000042a00000004000000040000000100000008fc00000000
simulationViewPerspectives: 000000ff000000010000000200000194000002d00100000002010000000101
sceneTreePerspectives: 000000ff0000000100000002000000c0000001120100000002010000000201
maximizedDockId: -1
centralWidgetVisible: 1
orthographicViewHeight: 1
textFiles: 0 "controllers/Create_avoid_obstacles_ver2/Create_avoid_obstacles_ver2.java" "controllers/Ground_java/Ground_java.java"
consoles: Console:All:All
renderingDevicePerspectives: Create:camera;1;3.17188;0.323527;0.0148957
renderingDevicePerspectives: robot:ground_display;1;0.398438;0.0141802;0.018623
