Webots Project File version R2021b
perspectives: 000000ff00000000fd0000000300000000000002770000052ffc0100000003fb00000012005300630065006e0065005400720065006501000000000000039f0000000000000000fb0000001e00480074006d006c0052006f0062006f007400570069006e0064006f00770000000000000002770000000000000000fb0000001e00480074006d006c0052006f0062006f007400570069006e0064006f00770000000000000002770000000000000000000000010000024b00000347fc0200000001fb0000001400540065007800740045006400690074006f00720100000015000003470000008700ffffff00000003000006b6000001e6fc0100000002fb0000000e0043006f006e0073006f006c006501000000000000073f0000000000000000fb0000001a0043006f006e0073006f006c00650041006c006c0041006c006c0100000000000006b60000006900ffffff000004690000034700000004000000040000000100000008fc00000000
simulationViewPerspectives: 000000ff0000000100000002000001250000047c0100000002010000000101
sceneTreePerspectives: 000000ff0000000100000002000000c0000001120100000002010000000201
maximizedDockId: -1
centralWidgetVisible: 1
orthographicViewHeight: 1
textFiles: 0 "controllers/Ground_java/Ground_java.java" "controllers/Create_avoid_obstacles_ver1/Create_avoid_obstacles_ver1.java"
consoles: Console:All:All
renderingDevicePerspectives: Create:camera;0;2.85938;0.0796004;0.0465871
renderingDevicePerspectives: robot:ground_display;1;0.597656;0;0
