Webots Project File version R2021b
perspectives: 000000ff00000000fd000000030000000000000277000003d0fc0100000002fb00000012005300630065006e0065005400720065006501000000000000039f0000000000000000fb0000001e00480074006d006c0052006f0062006f007400570069006e0064006f0077000000000000000277000000000000000000000001000002250000033ffc0200000001fb0000001400540065007800740045006400690074006f007201000000150000033f0000009d00ffffff000000030000078000000103fc0100000002fb0000000e0043006f006e0073006f006c006501000000000000073f0000000000000000fb0000001a0043006f006e0073006f006c00650041006c006c0041006c006c0100000000000007800000005400ffffff000005550000033f00000004000000040000000100000008fc00000000
simulationViewPerspectives: 000000ff000000010000000200000118000004f60100000006010000000101
sceneTreePerspectives: 000000ff0000000100000002000000c0000001120100000006010000000201
maximizedDockId: -1
centralWidgetVisible: 1
orthographicViewHeight: 1
textFiles: 4 "controllers/ground/ground.c" "controllers/create_avoid_obstacles/create_avoid_obstacles.c" "controllers/create_wall_emit_signal/create_wall_emit_signal.c" "controllers/create_avoid_obstacles_java/create_avoid_obstacles_java.java" "controllers/Ground_java/Ground_java.java" "controllers/create_wall_emit_signal_java/create_wall_emit_signal_java.java"
consoles: Console:All:All
renderingDevicePerspectives: robot:ground_display;1;0.384766;0.0760157;0.0762195
