Webots Project File version R2021b
perspectives: 000000ff00000000fd00000003000000000000027700000448fc0100000003fb00000012005300630065006e0065005400720065006501000000000000039f0000000000000000fb0000001e00480074006d006c0052006f0062006f007400570069006e0064006f00770000000000000002770000000000000000fb0000001e00480074006d006c0052006f0062006f007400570069006e0064006f00770000000000000002770000000000000000000000010000024e00000210fc0200000001fb0000001400540065007800740045006400690074006f00720100000015000002100000009d00ffffff000000030000078000000232fc0100000002fb0000000e0043006f006e0073006f006c006501000000000000073f0000000000000000fb0000001a0043006f006e0073006f006c00650041006c006c0041006c006c0100000000000007800000005400ffffff0000052c0000021000000004000000040000000100000008fc00000000
simulationViewPerspectives: 000000ff0000000100000002000001250000047c0100000006010000000101
sceneTreePerspectives: 000000ff0000000100000002000000c0000001120100000006010000000201
maximizedDockId: -1
centralWidgetVisible: 1
orthographicViewHeight: 1
textFiles: 0 "controllers/Create_avoid_obstacles_ver2/Create_avoid_obstacles_ver2.java" "controllers/Ground_java/Ground_java.java"
consoles: Console:All:All
renderingDevicePerspectives: Create:camera;1;2.85938;0.00409929;0.00828923
renderingDevicePerspectives: robot:ground_display;1;0.396484;0.794726;0.0135881
